{
    "Live":  80.76,
    "Minute":  89.8089624537,
    "Minute_Fluctuation":  0.19000581592919835,
    "Minute_5":  91.25779249074,
    "Minute_5_Fluctuation":  0.28935659456667095,
    "Minute_10":  91.8282603587694,
    "Minute_10_Fluctuation":  0.16994867663721405,
    "Hour":  131.615871394357,
    "Hour_Fluctuation":  0.18248781187475566,
    "Day":  118.297395351058,
    "Day_Fluctuation":  32664712901936696,
    "Week":  36.1378873082533,
    "Week_Fluctuation":  31029946597724912,
    "Updated":  "\/Date(1688441403969)\/"
}
