{
    "Live":  0.000000000000367225,
    "Minute":  0.000000000000367225,
    "Minute_Fluctuation":  0,
    "Minute_5":  0.000000000000367225,
    "Minute_5_Fluctuation":  0,
    "Minute_10":  0.000000000000367176624549239,
    "Minute_10_Fluctuation":  0.0010690681278370164,
    "Hour":  0.000000000000363700552963099,
    "Hour_Fluctuation":  0.013064676049497367,
    "Day":  0.000000000000347188411620457,
    "Day_Fluctuation":  0.10643641806388487,
    "Week":  0.000000000000317621527624228,
    "Week_Fluctuation":  0.40201484822193329,
    "Updated":  "\/Date(1688441398592)\/"
}
