{
    "Live":  0.000000000000069475,
    "Minute":  0.000000000000069475,
    "Minute_Fluctuation":  0,
    "Minute_5":  0.000000000000069475,
    "Minute_5_Fluctuation":  0,
    "Minute_10":  0.0000000000000694749963602683,
    "Minute_10_Fluctuation":  1.1583546464497838E-06,
    "Hour":  0.0000000000000684302000713336,
    "Hour_Fluctuation":  0.0395062340846859,
    "Day":  0.000000000000069035535876735,
    "Day_Fluctuation":  0.062688930148253288,
    "Week":  0.0000000000000693890131561262,
    "Week_Fluctuation":  0.37390018292774196,
    "Updated":  "\/Date(1688441398530)\/"
}
