{
    "Live":  0.00000000000009925,
    "Minute":  0.00000000000009925,
    "Minute_Fluctuation":  1.2717153132026386E-16,
    "Minute_5":  0.00000000000009925,
    "Minute_5_Fluctuation":  1.2717153132026386E-16,
    "Minute_10":  0.0000000000000992499999994307,
    "Minute_10_Fluctuation":  2.0061628207177217E-10,
    "Hour":  0.0000000000000989602461805983,
    "Hour_Fluctuation":  0.0147719876889128,
    "Day":  0.0000000000000846330254405999,
    "Day_Fluctuation":  0.14121051373948543,
    "Week":  0.0000000000000879350879676154,
    "Week_Fluctuation":  0.39679406052863858,
    "Updated":  "\/Date(1688441398624)\/"
}
