{
    "Live":  0.000000000000069475,
    "Minute":  0.000000000000069475,
    "Minute_Fluctuation":  0,
    "Minute_5":  0.000000000000069475,
    "Minute_5_Fluctuation":  0,
    "Minute_10":  0.000000000000069475,
    "Minute_10_Fluctuation":  0,
    "Hour":  0.000000000000069475,
    "Hour_Fluctuation":  2.2687098747939031E-08,
    "Day":  0.0000000000000709704109180043,
    "Day_Fluctuation":  0.099252324160145192,
    "Week":  0.0000000000000771054195014083,
    "Week_Fluctuation":  0.3986226185113329,
    "Updated":  "\/Date(1688441398561)\/"
}
